,car_brand_name,25k_pct_chage,50k_pct_chage,100k_pct_chage,sold_cars,feature,cluster_label
0,acura cl,156.81169708798387,190.20904684673798,103.94813252877877,97,450.96887646350064,7
1,acura ilx,-12.984887862161907,-24.997593608624506,103.94813252877877,140,65.96565105799236,1
2,acura integra,156.81169708798387,190.20904684673798,103.94813252877877,44,450.96887646350064,7
3,acura legend,156.81169708798387,190.20904684673798,103.94813252877877,9,450.96887646350064,7
4,acura mdx,7.108503291603832,-10.181117151107468,-55.56511658480036,1585,-58.63773044430399,10
5,acura rdx,-25.299895752272167,-33.233059744226,-65.87134949417828,420,-124.40430499067644,1
6,acura rl,156.81169708798387,3093.27731092437,1405.8823529411764,108,4655.97136095353,5
7,acura rlx,-3.260869565217391,190.20904684673798,103.94813252877877,17,290.89630981029933,7
8,acura rsx,156.81169708798387,190.20904684673798,719.6428571428571,151,1066.663601077579,7
9,acura tl,150.25585705197352,124.51785197463624,11.162891046386184,2135,285.93660007299593,0
10,acura tlx,156.81169708798387,190.20904684673798,103.94813252877877,1,450.96887646350064,7
11,acura tsx,-14.298431067096917,-23.834318416361764,-55.95095693779905,1119,-94.08370642125773,10
12,acura tsx sport wagon,156.81169708798387,190.20904684673798,103.94813252877877,36,450.96887646350064,7
13,acura zdx,156.81169708798387,190.20904684673798,103.94813252877877,39,450.96887646350064,7
14,aston martin db9,156.81169708798387,190.20904684673798,103.94813252877877,6,450.96887646350064,7
15,aston martin rapide,156.81169708798387,190.20904684673798,103.94813252877877,2,450.96887646350064,7
16,aston martin v8 vantage,-11.73913043478261,190.20904684673798,103.94813252877877,17,282.41804894073414,7
17,audi a3,-17.245597937693883,-36.0839710820049,-71.0752829116966,259,-124.40485193139538,1
18,audi a4,7.330359362420769,-14.761344372994865,-68.07626598122255,2261,-75.50725099179664,0
19,audi a5,-20.705263157894745,-28.742500000000003,-51.300000000000004,359,-100.74776315789475,1
20,audi a6,7.820247583517046,-16.15954843867341,-72.95716099345063,830,-81.296461848607,10
21,audi a7,-15.889534883720929,-29.167958656330757,103.94813252877877,133,58.89063898872708,1
22,audi a8,-25.01355748373102,-38.373841451390255,-83.37310195227766,298,-146.76050088739893,1
23,audi allroad,-15.288978494623656,-27.956989247311824,103.94813252877877,46,60.70216478684329,1
24,audi allroad quattro,156.81169708798387,190.20904684673798,103.94813252877877,35,450.96887646350064,7
25,audi cabriolet,156.81169708798387,190.20904684673798,103.94813252877877,1,450.96887646350064,7
26,audi q3,156.81169708798387,190.20904684673798,103.94813252877877,1,450.96887646350064,7
27,audi q5,-18.555319729181736,-32.66978822847103,-56.78172095284395,542,-108.00682891049672,1
28,audi q7,-8.32185491276401,-34.7488038277512,-68.62396694214877,480,-111.69462568266398,1
29,audi r8,-17.396580253723112,190.20904684673798,103.94813252877877,38,276.76059912179363,7
30,audi rs 4,156.81169708798387,190.20904684673798,103.94813252877877,3,450.96887646350064,7
31,audi rs 5,-8.045977011494253,190.20904684673798,103.94813252877877,15,286.1112023640225,7
32,audi rs 6,156.81169708798387,190.20904684673798,103.94813252877877,8,450.96887646350064,7
33,audi rs 7,156.81169708798387,190.20904684673798,103.94813252877877,8,450.96887646350064,7
34,audi s4,-11.231727359224985,-26.02283539486204,-70.96680410191352,197,-108.22136685600054,1
35,audi s5,-22.859626249456763,-36.957844415471534,-60.36505867014341,146,-120.1825293350717,1
36,audi s6,156.81169708798387,190.20904684673798,103.94813252877877,25,450.96887646350064,7
37,audi s7,-14.772727272727273,190.20904684673798,103.94813252877877,8,279.38445210278945,7
38,audi s8,156.81169708798387,190.20904684673798,103.94813252877877,19,450.96887646350064,7
39,audi sq5,156.81169708798387,190.20904684673798,103.94813252877877,7,450.96887646350064,7
40,audi tt,156.81169708798387,11.581920903954797,-40.25423728813559,128,128.13938070380308,1
41,audi tt rs,156.81169708798387,190.20904684673798,103.94813252877877,3,450.96887646350064,7
42,audi tts,7.737226277372263,190.20904684673798,103.94813252877877,6,301.894405652889,7
43,bentley continental flying spur,156.81169708798387,190.20904684673798,103.94813252877877,31,450.96887646350064,7
44,bentley continental flying spur speed,156.81169708798387,190.20904684673798,103.94813252877877,2,450.96887646350064,7
45,bentley continental gt,156.81169708798387,190.20904684673798,103.94813252877877,43,450.96887646350064,7
46,bentley continental gt speed,156.81169708798387,190.20904684673798,103.94813252877877,3,450.96887646350064,7
47,bentley continental gtc,-55.582822085889575,-57.82208588957055,103.94813252877877,33,-9.456775446681362,1
48,bentley continental gtc speed,156.81169708798387,190.20904684673798,103.94813252877877,1,450.96887646350064,7
49,bentley continental supersports,156.81169708798387,190.20904684673798,103.94813252877877,1,450.96887646350064,7
50,bentley flying spur,156.81169708798387,190.20904684673798,103.94813252877877,2,450.96887646350064,7
51,bmw 1 series,-11.328369905956109,-37.56269592476488,-57.37931034482758,405,-106.27037617554856,1
52,bmw 2 series,-33.137194177764016,190.20904684673798,103.94813252877877,32,261.01998519775276,7
53,bmw 3 series,-23.930799270908334,-40.234490958136156,-74.15265465323768,8204,-138.31794488228218,2
54,bmw 3 series gran turismo,156.81169708798387,190.20904684673798,103.94813252877877,73,450.96887646350064,7
55,bmw 4 series,-19.45442829949989,190.20904684673798,103.94813252877877,293,274.70275107601685,1
56,bmw 4 series gran coupe,156.81169708798387,190.20904684673798,103.94813252877877,12,450.96887646350064,7
57,bmw 5 series,-19.708918096086727,-34.21874248521089,-76.6978926338057,4172,-130.6255532151033,6
58,bmw 5 series gran turismo,-34.64895392119111,-46.64516750096265,-56.10319599537929,204,-137.39731741753303,1
59,bmw 6 series,-14.564471234386952,-32.392373740726406,-73.72744981790463,676,-120.68429479301798,1
60,bmw 6 series gran coupe,-20.387166163737973,-26.70223554315224,103.94813252877877,108,56.85873082188856,1
61,bmw 7 series,211.55007663629877,129.09283362082482,-24.745415579663657,1187,315.89749467746,10
62,bmw 8 series,156.81169708798387,190.20904684673798,103.94813252877877,1,450.96887646350064,7
63,bmw activehybrid 5,156.81169708798387,190.20904684673798,103.94813252877877,2,450.96887646350064,7
64,bmw activehybrid 7,-55.83596214511041,-59.76866456361725,103.94813252877877,13,-11.656494179948893,1
65,bmw activehybrid x6,156.81169708798387,190.20904684673798,103.94813252877877,5,450.96887646350064,7
66,bmw i8,156.81169708798387,190.20904684673798,103.94813252877877,9,450.96887646350064,7
67,bmw m,156.81169708798387,190.20904684673798,103.94813252877877,7,450.96887646350064,7
68,bmw m3,-13.372183372183367,-29.489724834552423,-72.82828282828284,297,-115.69019103501863,1
69,bmw m4,156.81169708798387,190.20904684673798,103.94813252877877,10,450.96887646350064,7
70,bmw m5,-21.806853582554517,-29.595015576323984,-80.28037383177569,107,-131.68224299065417,1
71,bmw m6,-37.95032610455957,-75.31027781458415,-87.59772094872135,83,-200.85832486786506,1
72,bmw m6 gran coupe,156.81169708798387,190.20904684673798,103.94813252877877,15,450.96887646350064,7
73,bmw x1,-18.897998685267698,-31.8544623799901,103.94813252877877,331,53.19567146352097,1
74,bmw x3,-16.37445999910927,-32.7863168733999,-74.01560904939758,1250,-123.17638592190676,10
75,bmw x4,156.81169708798387,190.20904684673798,103.94813252877877,5,450.96887646350064,7
76,bmw x5,-21.098788600543802,-36.6133128073906,-72.82391584828962,2461,-130.536017256224,0
77,bmw x5 m,156.81169708798387,190.20904684673798,103.94813252877877,37,450.96887646350064,7
78,bmw x6,-24.54204498943341,-36.42933844910172,-57.25920295363232,263,-118.23058639216745,1
79,bmw x6 m,-22.072072072072075,-39.144144144144136,103.94813252877877,26,42.73191631256256,1
80,bmw z3,147.31182795698925,33.33333333333333,-11.827956989247312,61,168.81720430107526,7
81,bmw z4,-26.733817701453106,-50.631880228974026,-81.81601350359607,276,-159.1817114340232,1
82,bmw z4 m,156.81169708798387,190.20904684673798,103.94813252877877,5,450.96887646350064,7
83,buick century,156.81169708798387,369.760900140647,29.39521800281294,226,555.9678152314439,7
84,buick enclave,-22.409689072377763,-40.11269650861797,-64.9870178041543,1070,-127.50940338515004,10
85,buick encore,-12.167755991285405,-20.435729847494557,103.94813252877877,93,71.34464668999881,1
86,buick lacrosse,55.43530775920379,6.653195629396799,-49.43870678042209,1188,12.649796608178498,10
87,buick lesabre,691.6666666666667,1101.388888888889,442.91666666666663,494,2235.972222222222,11
88,buick lucerne,606.5217391304348,271.5942028985507,184.04682274247492,496,1062.1627647714604,7
89,buick park avenue,156.81169708798387,376.9230769230769,200.0,116,733.7347740110608,7
90,buick rainier,156.81169708798387,190.20904684673798,103.94813252877877,90,450.96887646350064,7
91,buick regal,126.6981880120995,67.00275673446352,-27.40175451109051,596,166.2991902354725,1
92,buick rendezvous,156.81169708798387,190.20904684673798,1073.076923076923,287,1420.097667011645,11
93,buick riviera,156.81169708798387,190.20904684673798,103.94813252877877,4,450.96887646350064,7
94,buick roadmaster,156.81169708798387,190.20904684673798,103.94813252877877,3,450.96887646350064,7
95,buick terraza,156.81169708798387,190.20904684673798,103.94813252877877,55,450.96887646350064,7
96,buick verano,-4.763702249735766,-15.176157866282217,-44.832402234636874,382,-64.77226235065486,1
97,cadillac ats,-18.905323222464144,-24.829164685370113,103.94813252877877,201,60.213644620944514,1
98,cadillac catera,156.81169708798387,190.20904684673798,103.94813252877877,29,450.96887646350064,7
99,cadillac cts,10.662661144490468,-13.546460146539982,-64.37564961579866,1934,-67.25944861784818,0
100,cadillac cts coupe,-22.950131233595805,-32.047244094488185,103.94813252877877,158,48.95075720069478,1
101,cadillac cts wagon,156.81169708798387,190.20904684673798,103.94813252877877,14,450.96887646350064,7
102,cadillac cts-v,156.81169708798387,190.20904684673798,103.94813252877877,41,450.96887646350064,7
103,cadillac cts-v coupe,-20.347222222222218,-36.25,103.94813252877877,35,47.35091030655656,1
104,cadillac cts-v wagon,156.81169708798387,190.20904684673798,103.94813252877877,1,450.96887646350064,7
105,cadillac deville,156.81169708798387,1019.3415637860081,465.02057613168733,634,1641.1738370056792,11
106,cadillac dts,1070.7317073170732,870.1219512195122,362.3276776246023,509,2303.1813361611876,11
107,cadillac eldorado,1438.4615384615386,1130.769230769231,261.53846153846155,55,2830.769230769231,11
108,cadillac elr,156.81169708798387,190.20904684673798,103.94813252877877,5,450.96887646350064,7
109,cadillac escalade,12.737002637942402,-15.758958012750057,-53.27949462577085,1183,-56.301450000578505,10
110,cadillac escalade esv,-4.241071428571429,-30.297619047619044,-62.450105042016816,625,-96.9887955182073,1
111,cadillac escalade ext,698.0769230769231,518.543956043956,210.01602564102564,154,1426.6369047619048,11
112,cadillac escalade hybrid,156.81169708798387,190.20904684673798,103.94813252877877,40,450.96887646350064,7
113,cadillac fleetwood,156.81169708798387,190.20904684673798,103.94813252877877,1,450.96887646350064,7
114,cadillac seville,156.81169708798387,777.7777777777778,342.8571428571429,158,1277.4466177229046,11
115,cadillac srx,-25.08389450056116,-39.135325252525256,-71.55555555555556,1252,-135.77477530864198,10
116,cadillac sts,314.49275362318843,200.28985507246375,82.9951690821256,303,597.7777777777778,7
117,cadillac sts-v,156.81169708798387,190.20904684673798,103.94813252877877,6,450.96887646350064,7
118,cadillac xlr,4733.333333333334,3500.0,2316.666666666667,26,10550.0,3
119,cadillac xts,-14.832013111171804,-29.265535372848944,-44.35946462715105,155,-88.45701311117179,1
120,chevrolet astro,156.81169708798387,190.20904684673798,200.0,42,547.0207439347218,7
121,chevrolet astro cargo,2800.0,1266.6666666666665,116.66666666666667,46,4183.333333333333,5
122,chevrolet avalanche,1245.2830188679245,1305.3173241852485,686.7011564211807,1154,3237.3014994743535,11
123,chevrolet aveo,51.1737089201878,28.957746478873243,-15.752409191994074,770,64.37904620706696,10
124,chevrolet black diamond avalanche,156.81169708798387,190.20904684673798,103.94813252877877,42,450.96887646350064,7
125,chevrolet blazer,156.81169708798387,190.20904684673798,-21.38888888888889,328,325.63185504583294,7
126,chevrolet c/k 1500 series,156.81169708798387,190.20904684673798,103.94813252877877,27,450.96887646350064,7
127,chevrolet c/k 2500 series,156.81169708798387,190.20904684673798,103.94813252877877,2,450.96887646350064,7
128,chevrolet c/k 3500 series,156.81169708798387,190.20904684673798,103.94813252877877,4,450.96887646350064,7
129,chevrolet camaro,-22.83926834565662,-33.04412049771435,-52.6664589176275,1950,-108.54984776099847,0
130,chevrolet caprice,156.81169708798387,190.20904684673798,103.94813252877877,10,450.96887646350064,7
131,chevrolet captiva sport,12.880380389046836,-12.18061893928407,-29.45625560592471,1016,-28.756494156161942,10
132,chevrolet cavalier,156.81169708798387,190.20904684673798,-13.273615635179153,383,333.7471282995427,7
133,chevrolet classic,156.81169708798387,190.20904684673798,103.94813252877877,56,450.96887646350064,7
134,chevrolet cobalt,595.2727272727273,611.6555023923445,337.1125112511251,1652,1544.040740916197,11
135,chevrolet colorado,8.48,18.613333333333333,-30.83826086956522,812,-3.744927536231888,10
136,chevrolet corsica,156.81169708798387,190.20904684673798,103.94813252877877,1,450.96887646350064,7
137,chevrolet corvette,-32.51170231676247,-49.98673390461031,-75.6068416582726,534,-158.10527787964537,1
138,chevrolet corvette stingray,-14.941912673897601,190.20904684673798,103.94813252877877,113,279.21526670161916,7
139,chevrolet cruze,-1.3475504085734158,-19.556438328160578,-39.214886150330535,6348,-60.11887488706453,12
140,chevrolet equinox,1.9016288213110906,-11.598304314103082,-53.44555395954597,4914,-63.14222945233796,6
141,chevrolet express,-12.912912912912915,-36.53913653913654,103.94813252877877,293,54.49608307672931,1
142,chevrolet express cargo,66.92413319601786,14.246481290765528,-27.42252598071341,1063,53.74808850606998,10
143,chevrolet hhr,156.81169708798387,190.20904684673798,103.94813252877877,1091,450.96887646350064,10
144,chevrolet impala,53.16967744357567,-18.310221348294338,-54.3433954839259,7922,-19.483939388644572,2
145,chevrolet impala limited,7.8140655697445975,0.3929273084479371,103.94813252877877,1102,112.15512540697131,10
146,chevrolet lumina,156.81169708798387,190.20904684673798,103.94813252877877,54,450.96887646350064,7
147,chevrolet malibu,6.609273574377215,-15.906787252741877,-51.916188028512636,7105,-61.2137017068773,2
148,chevrolet malibu classic,156.81169708798387,190.20904684673798,103.94813252877877,44,450.96887646350064,7
149,chevrolet malibu hybrid,156.81169708798387,285.29411764705884,188.23529411764704,24,630.3411088526898,7
150,chevrolet malibu maxx,156.81169708798387,190.20904684673798,103.94813252877877,172,450.96887646350064,7
151,chevrolet monte carlo,57.65973826020016,40.415704387990765,-21.252245316910447,398,76.82319733128047,1
152,chevrolet prizm,156.81169708798387,190.20904684673798,103.94813252877877,31,450.96887646350064,7
153,chevrolet s-10,156.81169708798387,190.20904684673798,410.2040816326531,221,757.2248255673749,7
154,chevrolet s-10 blazer,156.81169708798387,190.20904684673798,103.94813252877877,3,450.96887646350064,7
155,chevrolet silverado 1500,6.795900382863169,-13.696426522956306,-43.534088445245004,6359,-50.43461458533814,12
156,chevrolet silverado 1500 classic,156.81169708798387,190.20904684673798,103.94813252877877,188,450.96887646350064,7
157,chevrolet silverado 1500 hybrid,156.81169708798387,190.20904684673798,103.94813252877877,3,450.96887646350064,7
158,chevrolet silverado 1500hd,156.81169708798387,190.20904684673798,103.94813252877877,44,450.96887646350064,7
159,chevrolet silverado 2500,156.81169708798387,190.20904684673798,103.94813252877877,25,450.96887646350064,7
160,chevrolet silverado 2500hd,5.085140852457495,-22.352653225767742,-47.22770661662723,1443,-64.49521898993748,10
161,chevrolet silverado 2500hd classic,156.81169708798387,190.20904684673798,103.94813252877877,65,450.96887646350064,7
162,chevrolet silverado 3500,156.81169708798387,190.20904684673798,103.94813252877877,38,450.96887646350064,7
163,chevrolet silverado 3500 classic,156.81169708798387,190.20904684673798,103.94813252877877,3,450.96887646350064,7
164,chevrolet silverado 3500hd,-13.948817622287008,190.20904684673798,-46.5222823823407,154,129.73794684211026,1
165,chevrolet sonic,-6.336564582931283,-21.174721476043192,-60.37735849056604,1783,-87.88864454954052,0
166,chevrolet spark,0.310314115037467,-7.502062772580674,103.94813252877877,322,96.75638387123557,1
167,chevrolet spark ev,156.81169708798387,190.20904684673798,103.94813252877877,2,450.96887646350064,7
168,chevrolet ss,156.81169708798387,190.20904684673798,103.94813252877877,13,450.96887646350064,7
169,chevrolet ssr,156.81169708798387,-23.72047244094488,103.94813252877877,27,237.03935717581777,7
170,chevrolet suburban,229.43028090457358,153.27604834471887,19.845046141364968,2401,402.5513753906574,0
171,chevrolet tahoe,76.30455110716939,33.51409529328974,-30.989699955217194,3093,78.82894644524194,0
172,chevrolet tahoe hybrid,156.81169708798387,190.20904684673798,103.94813252877877,33,450.96887646350064,7
173,chevrolet tahoe limited/z71,156.81169708798387,190.20904684673798,103.94813252877877,11,450.96887646350064,7
174,chevrolet tracker,156.81169708798387,190.20904684673798,103.94813252877877,69,450.96887646350064,7
175,chevrolet trailblazer,156.81169708798387,346.9387755102041,251.78989628638345,1133,755.5403688845714,10
176,chevrolet trailblazer ext,156.81169708798387,190.20904684673798,103.94813252877877,190,450.96887646350064,7
177,chevrolet traverse,15.433389074693427,-18.835964183513333,-44.02624558367582,2012,-47.428820692495734,0
178,chevrolet uplander,156.81169708798387,190.20904684673798,276.555023923445,342,623.5757678581668,7
179,chevrolet venture,156.81169708798387,190.20904684673798,110.00000000000001,179,457.02074393472185,7
180,chevrolet volt,88.94117647058823,55.50000000000001,-0.9625668449197881,506,143.47860962566844,1
181,chrysler 200,-16.00935117379771,-34.556447111730094,-51.61091413596424,4046,-102.17671242149204,6
182,chrysler 300,14.63668925096119,-24.077594897869723,-63.535306796147616,3902,-72.97621244305614,6
183,chrysler 300m,156.81169708798387,190.20904684673798,103.94813252877877,101,450.96887646350064,7
184,chrysler aspen,156.81169708798387,190.20904684673798,103.94813252877877,228,450.96887646350064,7
185,chrysler cirrus,156.81169708798387,-30.0,103.94813252877877,26,230.75982961676266,7
186,chrysler concorde,156.81169708798387,322.22222222222223,53.703703703703695,66,532.7376230139098,7
187,chrysler crossfire,195.83333333333331,40.10416666666667,103.94813252877877,59,339.8856325287788,7
188,chrysler le baron,156.81169708798387,190.20904684673798,103.94813252877877,1,450.96887646350064,7
189,chrysler lhs,156.81169708798387,190.20904684673798,103.94813252877877,22,450.96887646350064,7
190,chrysler pacifica,156.81169708798387,190.20904684673798,103.94813252877877,229,450.96887646350064,7
191,chrysler prowler,156.81169708798387,190.20904684673798,103.94813252877877,2,450.96887646350064,7
192,chrysler pt cruiser,156.81169708798387,281.56682027649765,108.33701576078948,1230,546.715533125271,10
193,chrysler sebring,591.8918918918919,332.8328328328328,190.97622212376314,1347,1115.7009468484878,10
194,chrysler town and country,-9.947663922588092,-27.65183886054421,-71.86252170138889,5994,-109.46202448452118,12
195,chrysler voyager,156.81169708798387,190.20904684673798,103.94813252877877,19,450.96887646350064,7
196,daewoo leganza,156.81169708798387,190.20904684673798,103.94813252877877,1,450.96887646350064,7
197,daewoo nubira,156.81169708798387,190.20904684673798,103.94813252877877,2,450.96887646350064,7
198,dodge avenger,-5.088688601828356,-18.82188408225105,-54.93012978120818,3961,-78.84070246528759,6
199,dodge caliber,303.82978723404256,230.6576402321083,90.1254773595199,1335,624.6129048256707,10
200,dodge caravan,156.81169708798387,1125.0,537.5,226,1819.311697087984,11
201,dodge challenger,-21.88921988110806,-33.46906618852495,-50.43039304368124,1196,-105.78867911331426,10
202,dodge charger,13.300880515570837,-11.540416941587234,-49.371485067418455,4538,-47.61102149343485,6
203,dodge dakota,156.81169708798387,3244.0,1994.7027027027027,603,5395.514399790686,5
204,dodge dart,-7.905157667394083,-22.983585679920758,103.94813252877877,1028,73.05938918146393,10
205,dodge durango,178.85226329954068,129.21198168876188,-23.43997248022016,2060,284.6242725080824,0
206,dodge grand caravan,9.165717390716228,-18.684870855116838,-55.2214175593828,7941,-64.74057102378342,2
207,dodge intrepid,156.81169708798387,190.20904684673798,337.33333333333337,115,684.3540772680552,7
208,dodge journey,4.891893802806935,-17.680609688195993,-53.076448332304714,3100,-65.86516421769377,0
209,dodge magnum,360.5263157894737,76.8421052631579,110.38781163434903,375,547.7562326869806,7
210,dodge neon,95.91836734693878,190.20904684673798,149.65986394557825,246,435.787278139255,7
211,dodge nitro,156.81169708798387,190.20904684673798,103.94813252877877,610,450.96887646350064,7
212,dodge ram cargo,156.81169708798387,190.20904684673798,103.94813252877877,7,450.96887646350064,7
213,dodge ram pickup 1500,315.01141552511416,334.71033105022826,167.51679845565576,2234,817.2385450309982,0
214,dodge ram pickup 2500,58.08383233532933,123.42814371257485,77.8443113772455,505,259.3562874251497,1
215,dodge ram pickup 3500,156.81169708798387,427.66393442622956,265.1639344262295,201,849.6395659404429,7
216,dodge ram van,156.81169708798387,190.20904684673798,103.94813252877877,1,450.96887646350064,7
217,dodge spirit,156.81169708798387,190.20904684673798,103.94813252877877,1,450.96887646350064,7
218,dodge sprinter,156.81169708798387,190.20904684673798,103.94813252877877,3,450.96887646350064,7
219,dodge sprinter cargo,156.81169708798387,143.95604395604394,128.2967032967033,118,429.06444434073114,7
220,dodge stratus,156.81169708798387,190.20904684673798,312.69841269841277,291,659.7191566331346,7
221,dodge viper,156.81169708798387,190.20904684673798,103.94813252877877,11,450.96887646350064,7
222,ferrari 360,156.81169708798387,190.20904684673798,103.94813252877877,1,450.96887646350064,7
223,ferrari 458 italia,156.81169708798387,190.20904684673798,103.94813252877877,1,450.96887646350064,7
224,ferrari california,156.81169708798387,190.20904684673798,103.94813252877877,13,450.96887646350064,7
225,ferrari f430,156.81169708798387,190.20904684673798,103.94813252877877,4,450.96887646350064,7
226,fiat 500,-20.956405766744673,-35.17347602527568,103.94813252877877,557,47.818250736758415,1
227,fiat 500e,156.81169708798387,190.20904684673798,103.94813252877877,3,450.96887646350064,7
228,fiat 500l,-3.576469204532093,190.20904684673798,103.94813252877877,305,290.5807101709847,7
229,fisker karma,156.81169708798387,190.20904684673798,103.94813252877877,9,450.96887646350064,7
230,ford aspire,156.81169708798387,190.20904684673798,103.94813252877877,2,450.96887646350064,7
231,ford c-max energi,-12.610132158590309,-30.420075519194462,-52.75330396475771,234,-95.78351164254249,1
232,ford c-max hybrid,-7.0576351299840026,-19.425173439048567,103.94813252877877,312,77.4653239597462,1
233,ford contour,156.81169708798387,190.20904684673798,103.94813252877877,12,450.96887646350064,7
234,ford crown victoria,156.81169708798387,1461.904761904762,638.7755102040816,140,2257.4919691968275,11
235,ford e-150,156.81169708798387,190.20904684673798,103.94813252877877,5,450.96887646350064,7
236,ford e-250,156.81169708798387,190.20904684673798,103.94813252877877,2,450.96887646350064,7
237,ford e-350,156.81169708798387,190.20904684673798,103.94813252877877,3,450.96887646350064,7
238,ford e-series van,-9.454849452673637,-26.774954232625536,-46.82956915034215,1823,-83.05937283564133,0
239,ford e-series wagon,-19.004472684675733,-30.944445500152018,-49.35533216783217,1282,-99.30425035265992,10
240,ford econoline cargo,494.50171821305844,410.30927835051546,297.5515463917526,750,1202.3625429553265,11
241,ford econoline wagon,156.81169708798387,190.20904684673798,103.94813252877877,135,450.96887646350064,7
242,ford edge,1.4880443838192552,-15.895290567068932,-53.62849718464614,5913,-68.03574336789582,12
243,ford escape,2.2238002659351688,-16.884745539070398,-55.0100385520814,11861,-69.67098382521662,9
244,ford escape hybrid,156.81169708798387,696.4285714285714,760.0,134,1613.2402685165553,11
245,ford escort,156.81169708798387,190.20904684673798,103.94813252877877,105,450.96887646350064,7
246,ford excursion,156.81169708798387,190.20904684673798,103.94813252877877,136,450.96887646350064,7
247,ford expedition,39.31219784220737,5.987120090458728,-58.560887819670846,2825,-13.261569887004747,0
248,ford expedition el,156.81169708798387,190.20904684673798,103.94813252877877,68,450.96887646350064,7
249,ford explorer,13.516970127049573,-4.298858363156475,-69.09763567473792,7706,-59.87952391084482,2
250,ford explorer sport,156.81169708798387,190.20904684673798,103.94813252877877,131,450.96887646350064,7
251,ford explorer sport trac,156.81169708798387,1241.8181818181818,808.8636363636363,403,2207.4935152698017,11
252,ford f-150,23.872558854857623,10.368294290071479,-38.12692251047726,14472,-3.8860693655481526,9
253,ford f-150 heritage,156.81169708798387,190.20904684673798,103.94813252877877,45,450.96887646350064,7
254,ford f-150 svt lightning,156.81169708798387,190.20904684673798,103.94813252877877,3,450.96887646350064,7
255,ford f-250,156.81169708798387,190.20904684673798,103.94813252877877,1,450.96887646350064,7
256,ford f-250 super duty,-3.3465843090632483,-13.623909481182912,-49.03900256103168,2559,-66.00949635127785,0
257,ford f-350 super duty,-16.52688486265343,-24.27505282560806,-57.10993690287337,1122,-97.91187459113486,10
258,ford f-450 super duty,156.81169708798387,190.20904684673798,103.94813252877877,77,450.96887646350064,7
259,ford fiesta,-8.42470579432783,-25.13086080284755,-45.23503298344604,2374,-78.79059958062142,0
260,ford five hundred,156.81169708798387,190.20904684673798,333.04093567251465,358,680.0616796072366,7
261,ford flex,-4.037899583812985,-15.535374444926717,-51.89409368635438,1207,-71.46736771509408,10
262,ford focus,-3.422725918967799,-22.394306742022906,-63.85441720960435,10392,-89.67144987059505,9
263,ford focus st,-17.472698907956328,-18.857254290171614,103.94813252877877,64,67.61817933065083,1
264,ford freestar,156.81169708798387,190.20904684673798,93.27531645569618,260,440.296060390418,7
265,ford freestyle,156.81169708798387,190.20904684673798,468.4523809523809,277,815.4731248871028,7
266,ford fusion,-6.765214275406241,-29.58015547782796,-57.328469299873255,12945,-93.67383905310746,9
267,ford fusion energi,3.040230638186336,190.20904684673798,103.94813252877877,51,297.19741001370306,7
268,ford fusion hybrid,-5.905793717505683,-23.71621166161106,-49.52627045650302,642,-79.14827583561976,1
269,ford mustang,-14.73707008931992,-39.80240164637264,-75.29406611646456,4949,-129.83353785215712,6
270,ford mustang svt cobra,156.81169708798387,190.20904684673798,103.94813252877877,12,450.96887646350064,7
271,ford ranger,224.14486921529178,158.09395848776876,33.503521126760575,1851,415.74234882982114,0
272,ford shelby gt500,-23.251511039842114,-36.87759549360635,103.94813252877877,100,43.81902599533031,1
273,ford taurus,52.050376995860425,15.373342413651317,-54.07790309106099,4649,13.345816318450758,6
274,ford taurus x,156.81169708798387,190.20904684673798,103.94813252877877,89,450.96887646350064,7
275,ford tempo,156.81169708798387,190.20904684673798,103.94813252877877,3,450.96887646350064,7
276,ford thunderbird,156.81169708798387,190.20904684673798,103.94813252877877,98,450.96887646350064,7
277,ford transit connect,-16.14859742228961,-34.34183093252464,-52.05648218347233,700,-102.54691053828657,1
278,ford transit van,-2.9145077720207255,190.20904684673798,103.94813252877877,19,291.24267160349604,7
279,ford transit wagon,-6.742857142857146,190.20904684673798,103.94813252877877,17,287.41432223265963,7
280,ford windstar,156.81169708798387,71.42857142857143,-25.71428571428571,211,202.5259828022696,1
281,ford windstar cargo,156.81169708798387,190.20904684673798,103.94813252877877,4,450.96887646350064,7
282,geo metro,156.81169708798387,190.20904684673798,103.94813252877877,1,450.96887646350064,7
283,geo prizm,156.81169708798387,190.20904684673798,103.94813252877877,18,450.96887646350064,7
284,gmc acadia,-7.415576513538181,-22.86012301763747,-59.742069863698,2033,-90.01776939487365,0
285,gmc canyon,483.3333333333333,360.66666666666663,184.66666666666666,118,1028.6666666666667,7
286,gmc envoy,156.81169708798387,300.0,114.28571428571428,634,571.0974113736982,7
287,gmc envoy xl,156.81169708798387,190.20904684673798,276.40891218872866,239,623.4296561234505,7
288,gmc envoy xuv,156.81169708798387,190.20904684673798,103.94813252877877,56,450.96887646350064,7
289,gmc jimmy,156.81169708798387,190.20904684673798,338.46153846153845,42,685.4822823962603,7
290,gmc safari,156.81169708798387,190.20904684673798,103.94813252877877,3,450.96887646350064,7
291,gmc safari cargo,156.81169708798387,190.20904684673798,103.94813252877877,2,450.96887646350064,7
292,gmc savana,156.81169708798387,190.20904684673798,103.94813252877877,11,450.96887646350064,7
293,gmc savana cargo,-11.388645575303196,190.20904684673798,-52.03865389505806,662,126.78174737637671,1
294,gmc sierra 1500,-0.902514791906887,-14.980878417521332,-44.482543576252326,2332,-60.365936785680546,0
295,gmc sierra 1500 classic,156.81169708798387,190.20904684673798,103.94813252877877,47,450.96887646350064,7
296,gmc sierra 1500 hybrid,156.81169708798387,190.20904684673798,103.94813252877877,2,450.96887646350064,7
297,gmc sierra 1500hd,156.81169708798387,190.20904684673798,103.94813252877877,6,450.96887646350064,7
298,gmc sierra 2500,156.81169708798387,190.20904684673798,103.94813252877877,4,450.96887646350064,7
299,gmc sierra 2500hd,-6.602941176470588,-17.764705882352942,-46.90497737556561,453,-71.27262443438914,1
300,gmc sierra 2500hd classic,156.81169708798387,190.20904684673798,103.94813252877877,20,450.96887646350064,7
301,gmc sierra 3500,156.81169708798387,190.20904684673798,103.94813252877877,10,450.96887646350064,7
302,gmc sierra 3500hd,-9.380530973451327,190.20904684673798,-52.684365781710916,48,128.14415009157574,1
303,gmc sonoma,156.81169708798387,190.20904684673798,103.94813252877877,55,450.96887646350064,7
304,gmc suburban,156.81169708798387,190.20904684673798,103.94813252877877,20,450.96887646350064,7
305,gmc terrain,-12.033935254151066,-26.741535178842152,-49.75911056207536,1136,-88.53458099506858,10
306,gmc yukon,80.52687000055418,39.38941893487347,-29.917853602064138,1373,89.9984353333635,10
307,gmc yukon denali,156.81169708798387,190.20904684673798,103.94813252877877,9,450.96887646350064,7
308,gmc yukon hybrid,156.81169708798387,190.20904684673798,103.94813252877877,34,450.96887646350064,7
309,gmc yukon xl,160.14920194309508,110.77316997295941,8.311535792451828,1262,279.2339077085063,10
310,honda accord,3.438335253857467,-10.731872646502515,-50.05821103002113,9142,-57.35174842266618,2
311,honda accord crosstour,156.81169708798387,190.20904684673798,103.94813252877877,106,450.96887646350064,7
312,honda accord hybrid,0.43478260869565216,190.20904684673798,103.94813252877877,10,294.5919619842124,7
313,honda civic,-8.232273404796722,-21.03595204857775,-55.304198542822206,7433,-84.57242399619668,2
314,honda civic del sol,156.81169708798387,190.20904684673798,103.94813252877877,1,450.96887646350064,7
315,honda cr-v,-9.20980561473394,-20.939040301536664,-55.49072194839084,3265,-85.63956786466144,6
316,honda cr-z,-37.139917695473244,-44.23868312757202,-61.316872427983526,108,-142.69547325102877,1
317,honda crosstour,156.81169708798387,190.20904684673798,103.94813252877877,300,450.96887646350064,7
318,honda element,156.81169708798387,334.7643979057591,197.75617053103963,308,689.3322655247825,7
319,honda fit,-18.110700170419516,-32.61917280056081,-59.16140904311251,441,-109.89128201409284,1
320,honda insight,-23.233743409490334,-41.33958211286857,-57.96133567662566,228,-122.53466119898457,1
321,honda odyssey,-14.75662004328728,-22.302245959211884,-64.347753336956,3499,-101.40661933945518,6
322,honda passport,156.81169708798387,190.20904684673798,103.94813252877877,29,450.96887646350064,7
323,honda pilot,-11.45603579911775,-22.627732803335107,-56.013460015835314,2068,-90.09722861828817,0
324,honda prelude,156.81169708798387,190.20904684673798,103.94813252877877,14,450.96887646350064,7
325,honda ridgeline,29.964880480344387,2.6645519429024582,-33.10071371927042,199,-0.4712812960235766,1
326,honda s2000,156.81169708798387,190.20904684673798,103.94813252877877,46,450.96887646350064,7
327,hummer h1,156.81169708798387,190.20904684673798,103.94813252877877,1,450.96887646350064,7
328,hummer h2,156.81169708798387,190.20904684673798,103.94813252877877,304,450.96887646350064,7
329,hummer h2 sut,156.81169708798387,190.20904684673798,103.94813252877877,65,450.96887646350064,7
330,hummer h3,156.81169708798387,190.20904684673798,103.94813252877877,429,450.96887646350064,7
331,hummer h3t,156.81169708798387,190.20904684673798,103.94813252877877,6,450.96887646350064,7
332,hyundai accent,-7.904858611034199,-17.440541800640116,-71.7695800896438,2039,-97.11498050131812,0
333,hyundai azera,-25.440870208774374,-39.215331921997894,-78.68238068191596,314,-143.33858281268823,1
334,hyundai elantra,-9.96641028811314,-24.096271884036526,-67.55528139283733,6261,-101.617963564987,12
335,hyundai elantra coupe,-24.688496088090396,-35.09127789046653,103.94813252877877,103,44.168358550221846,1
336,hyundai elantra gt,-18.168503332628433,-20.96305520963055,103.94813252877877,246,64.81657398651978,1
337,hyundai elantra touring,156.81169708798387,190.20904684673798,103.94813252877877,127,450.96887646350064,7
338,hyundai entourage,156.81169708798387,190.20904684673798,103.94813252877877,70,450.96887646350064,7
339,hyundai equus,-35.582006031625895,-42.97361450342289,103.94813252877877,132,25.392511993729997,1
340,hyundai genesis,-31.76818789383235,-46.11879433376475,-63.47832728661448,902,-141.3653095142116,10
341,hyundai genesis coupe,-22.598901651995938,-38.63552816520705,-53.98421450967672,294,-115.21864432687971,1
342,hyundai santa fe,5.557403702436904,-21.525447880098962,-58.53055994874977,1645,-74.49860412641183,10
343,hyundai santa fe sport,-13.50856610335905,0.023297804181963904,103.94813252877877,304,90.46286422960168,1
344,hyundai sonata,-6.995362971177575,-18.173606590301535,-56.241411941614174,6912,-81.41038150309328,12
345,hyundai sonata hybrid,-33.41542713233478,-45.29840427519713,-68.04813333831608,546,-146.761964745848,1
346,hyundai tiburon,156.81169708798387,691.1111111111111,286.6666666666667,191,1134.5894748657618,7
347,hyundai tucson,-17.080903178691617,-31.330668798294703,-65.15232258637536,873,-113.56389456336169,10
348,hyundai veloster,-28.59796550199027,-39.642208970702626,-43.210968597965504,608,-111.4511430706584,1
349,hyundai veracruz,-12.757009345794392,-28.58255451713395,-55.54906542056075,156,-96.8886292834891,1
350,hyundai xg300,156.81169708798387,190.20904684673798,103.94813252877877,9,450.96887646350064,7
351,hyundai xg350,156.81169708798387,190.20904684673798,103.94813252877877,79,450.96887646350064,7
352,infiniti ex,156.81169708798387,190.20904684673798,103.94813252877877,145,450.96887646350064,7
353,infiniti ex35,156.81169708798387,190.20904684673798,103.94813252877877,63,450.96887646350064,7
354,infiniti fx,-7.335183900069399,-19.924626163337862,-27.022900763358777,394,-54.282710826766035,1
355,infiniti fx35,156.81169708798387,113.1372549019608,49.35574229691877,325,319.3046942868635,7
356,infiniti fx45,156.81169708798387,190.20904684673798,103.94813252877877,35,450.96887646350064,7
357,infiniti fx50,156.81169708798387,190.20904684673798,103.94813252877877,6,450.96887646350064,7
358,infiniti g convertible,-14.114508679726065,-24.424552429667518,103.94813252877877,323,65.40907141938519,1
359,infiniti g coupe,-10.716397401883224,-22.30200536664421,-39.99236786872734,1593,-73.01077063725478,10
360,infiniti g sedan,-10.726733682929877,-22.936139223146025,103.94813252877877,7417,70.28525962270287,2
361,infiniti g20,156.81169708798387,190.20904684673798,103.94813252877877,39,450.96887646350064,7
362,infiniti g35,1009.8591549295776,776.4587525150905,543.5878428465531,1120,2329.905750291221,11
363,infiniti g37,156.81169708798387,211.21428571428572,157.44444444444446,215,525.470427246714,7
364,infiniti g37 convertible,-14.50381679389313,-21.374045801526716,103.94813252877877,20,68.07026993335893,1
365,infiniti g37 coupe,156.81169708798387,190.20904684673798,103.94813252877877,12,450.96887646350064,7
366,infiniti i30,156.81169708798387,190.20904684673798,103.94813252877877,73,450.96887646350064,7
367,infiniti i35,156.81169708798387,190.20904684673798,103.94813252877877,96,450.96887646350064,7
368,infiniti j30,156.81169708798387,190.20904684673798,103.94813252877877,5,450.96887646350064,7
369,infiniti jx,156.81169708798387,190.20904684673798,103.94813252877877,322,450.96887646350064,7
370,infiniti m,-15.712372681897497,-26.429581084554105,-48.80493446414803,898,-90.94688823059963,10
371,infiniti m35,156.81169708798387,190.20904684673798,103.94813252877877,257,450.96887646350064,7
372,infiniti m37,156.81169708798387,190.20904684673798,103.94813252877877,90,450.96887646350064,7
373,infiniti m45,156.81169708798387,190.20904684673798,103.94813252877877,67,450.96887646350064,7
374,infiniti m56,156.81169708798387,190.20904684673798,103.94813252877877,10,450.96887646350064,7
375,infiniti q45,156.81169708798387,190.20904684673798,103.94813252877877,44,450.96887646350064,7
376,infiniti q50,-15.945957961016335,190.20904684673798,103.94813252877877,539,278.2112214145004,1
377,infiniti q60 convertible,-3.077151776423371,190.20904684673798,103.94813252877877,42,291.0800275990934,7
378,infiniti q60 coupe,3.3210332103321036,190.20904684673798,103.94813252877877,36,297.47821258584884,7
379,infiniti q70,156.81169708798387,190.20904684673798,103.94813252877877,32,450.96887646350064,7
380,infiniti qx,156.81169708798387,190.20904684673798,103.94813252877877,211,450.96887646350064,7
381,infiniti qx4,156.81169708798387,1728.5714285714284,842.8571428571429,73,2728.2402685165553,11
382,infiniti qx50,-6.746626686656672,190.20904684673798,103.94813252877877,9,287.4105526888601,7
383,infiniti qx56,235.51912568306014,189.31010928961751,53.32690453230471,438,478.1561395049824,7
384,infiniti qx60,-13.417415577342052,-37.3070987654321,103.94813252877877,183,53.223618186004614,1
385,infiniti qx70,-18.975543013511206,-28.553104155977426,103.94813252877877,73,56.419485359290135,1
386,infiniti qx80,-13.491746538871144,190.20904684673798,103.94813252877877,98,280.6654328366456,7
387,isuzu amigo,156.81169708798387,190.20904684673798,103.94813252877877,2,450.96887646350064,7
388,isuzu ascender,156.81169708798387,190.20904684673798,103.94813252877877,38,450.96887646350064,7
389,isuzu axiom,156.81169708798387,190.20904684673798,103.94813252877877,19,450.96887646350064,7
390,isuzu i-series,156.81169708798387,190.20904684673798,103.94813252877877,9,450.96887646350064,7
391,isuzu rodeo,156.81169708798387,190.20904684673798,580.7692307692307,101,927.7899747039526,7
392,isuzu rodeo sport,156.81169708798387,190.20904684673798,103.94813252877877,3,450.96887646350064,7
393,isuzu trooper,156.81169708798387,190.20904684673798,103.94813252877877,32,450.96887646350064,7
394,jaguar f-type,156.81169708798387,190.20904684673798,103.94813252877877,39,450.96887646350064,7
395,jaguar s-type,156.81169708798387,234.51327433628322,360.0589970501475,240,751.3839684744146,7
396,jaguar x-type,156.81169708798387,770.0,423.6363636363636,190,1350.4480607243477,11
397,jaguar xf,-20.067079463364287,-28.59133126934984,-61.135190918472645,391,-109.79360165118678,1
398,jaguar xj,-47.09797482211276,-56.34482758620689,-71.43295019157088,213,-174.87575259989052,1
399,jaguar xj-series,156.81169708798387,1824.2857142857144,624.4047619047618,175,2605.5021732784603,11
400,jaguar xk,-21.742354505472022,-43.18809450751765,103.94813252877877,87,39.0176835157891,1
401,jaguar xk-series,156.81169708798387,190.20904684673798,103.94813252877877,85,450.96887646350064,7
402,jeep cherokee,0.6207423709166673,-20.884326885116458,-84.84011054086064,606,-105.10369505506043,1
403,jeep commander,156.81169708798387,190.20904684673798,103.94813252877877,671,450.96887646350064,1
404,jeep compass,-12.006566624798925,-23.084173049136353,-65.65978926316573,1365,-100.75052893710101,10
405,jeep grand cherokee,17.767266778230812,-9.631528012357872,-58.9599147772403,4686,-50.824176011367356,6
406,jeep grand cherokee srt,156.81169708798387,190.20904684673798,103.94813252877877,1,450.96887646350064,7
407,jeep liberty,60.16092082471922,28.59842017801453,-40.8300714909585,2555,47.929269511775246,0
408,jeep patriot,-12.182363091454,-32.86107831562378,-63.56149393843407,1776,-108.60493534551185,0
409,jeep wrangler,-17.38256182082656,-32.95925608991348,-54.51977892102337,3711,-104.8615968317634,6
410,kia amanti,156.81169708798387,190.20904684673798,310.1694915254237,101,657.1902354601456,7
411,kia borrego,156.81169708798387,190.20904684673798,103.94813252877877,81,450.96887646350064,7
412,kia cadenza,-12.724527102209501,190.20904684673798,103.94813252877877,245,281.43265227330727,7
413,kia forte,-12.398087767218689,-30.085470453210682,-60.99734101484601,2750,-103.48089923527539,0
414,kia k900,-14.804356595401366,190.20904684673798,103.94813252877877,61,279.3528227801154,7
415,kia optima,-9.223536775804678,-25.326239536939156,-69.72341126111294,4388,-104.27318757385677,6
416,kia rio,-5.628613472069217,-26.29522875657341,-70.44571851303864,1481,-102.36956074168127,10
417,kia rondo,156.81169708798387,257.14285714285717,93.46938775510203,163,507.4239419859431,7
418,kia sedona,2.3293172690763124,-44.76305220883534,-79.92771084337349,945,-122.36144578313252,10
419,kia sephia,156.81169708798387,190.20904684673798,103.94813252877877,16,450.96887646350064,7
420,kia sorento,-6.24203821656051,-24.42327249371086,-65.67788898999089,3408,-96.34319970026226,6
421,kia soul,-8.674226464176458,-27.051081691307573,-49.16649275846237,2742,-84.8918009139464,0
422,kia spectra,156.81169708798387,190.20904684673798,103.94813252877877,468,450.96887646350064,7
423,kia sportage,-0.9438543247344462,-16.416568313381667,-66.93742747478353,1224,-84.29785011289965,10
424,lamborghini gallardo,156.81169708798387,190.20904684673798,103.94813252877877,4,450.96887646350064,7
425,land rover discovery,156.81169708798387,190.20904684673798,103.94813252877877,11,450.96887646350064,7
426,land rover discovery series ii,156.81169708798387,190.20904684673798,103.94813252877877,27,450.96887646350064,7
427,land rover freelander,156.81169708798387,190.20904684673798,103.94813252877877,50,450.96887646350064,7
428,land rover lr2,156.81169708798387,190.20904684673798,103.94813252877877,137,450.96887646350064,7
429,land rover lr3,156.81169708798387,190.20904684673798,103.94813252877877,39,450.96887646350064,7
430,land rover lr4,-14.851233094669853,-32.38803874771867,103.94813252877877,175,56.70886068639025,1
431,land rover range rover,-18.12052332659707,-56.196207403260786,-79.82169674143644,396,-154.13842747129428,1
432,land rover range rover evoque,-32.118118847976675,-39.14691943127962,103.94813252877877,151,32.68309424952248,1
433,land rover range rover sport,-32.58599508599509,-50.78125,-70.6964656964657,749,-154.06371078246076,10
434,lexus ct 200h,-17.9614503143915,-27.519539284245166,103.94813252877877,412,58.4671429301421,1
435,lexus es 300,156.81169708798387,190.20904684673798,614.2857142857143,381,961.3064582204362,7
436,lexus es 300h,-21.077777777777783,-22.0,103.94813252877877,72,60.87035475100099,1
437,lexus es 330,156.81169708798387,190.20904684673798,103.94813252877877,309,450.96887646350064,7
438,lexus es 350,-21.38622206983256,-40.63635934475759,-62.824224876342136,1921,-124.84680629093228,0
439,lexus gs 300,156.81169708798387,190.20904684673798,103.94813252877877,219,450.96887646350064,7
440,lexus gs 350,-17.188845474229108,-34.56148039496279,-62.36691471093303,766,-114.11724058012493,10
441,lexus gs 400,156.81169708798387,190.20904684673798,103.94813252877877,20,450.96887646350064,7
442,lexus gs 430,156.81169708798387,190.20904684673798,103.94813252877877,48,450.96887646350064,7
443,lexus gs 450h,156.81169708798387,190.20904684673798,103.94813252877877,33,450.96887646350064,7
444,lexus gs 460,156.81169708798387,190.20904684673798,103.94813252877877,6,450.96887646350064,7
445,lexus gx 460,-19.222813739785014,-33.502123058258825,-46.89453279531609,257,-99.61946959335992,1
446,lexus gx 470,156.81169708798387,72.07792207792207,25.19480519480519,105,254.08442436071113,7
447,lexus hs 250h,156.81169708798387,190.20904684673798,103.94813252877877,72,450.96887646350064,7
448,lexus is 250,-21.623929323070573,-35.69671545924567,-62.27971268687881,1939,-119.60035746919505,0
449,lexus is 250 c,-24.5687134502924,-36.30952380952381,103.94813252877877,125,43.06989526896256,1
450,lexus is 300,156.81169708798387,190.20904684673798,103.94813252877877,112,450.96887646350064,7
451,lexus is 350,-14.834998486224645,-38.23796548592189,-64.86527399333939,195,-117.93823796548592,1
452,lexus is 350 c,156.81169708798387,190.20904684673798,103.94813252877877,17,450.96887646350064,7
453,lexus is f,-3.2805429864253397,-17.873303167420815,-46.60633484162896,31,-67.76018099547511,1
454,lexus ls 400,156.81169708798387,190.20904684673798,750.5747126436781,86,1097.5954565784,7
455,lexus ls 430,156.81169708798387,190.20904684673798,103.94813252877877,386,450.96887646350064,7
456,lexus ls 460,-24.84689282497748,-45.10014152764077,-65.55839087361153,574,-135.5054252262298,1
457,lexus ls 600h l,156.81169708798387,190.20904684673798,103.94813252877877,4,450.96887646350064,7
458,lexus lx 450,156.81169708798387,190.20904684673798,103.94813252877877,5,450.96887646350064,7
459,lexus lx 470,156.81169708798387,190.20904684673798,103.94813252877877,58,450.96887646350064,7
460,lexus lx 570,-15.083116036505867,-39.374185136897,-52.12950890916993,121,-106.5868100825728,1
461,lexus rc 350,156.81169708798387,190.20904684673798,103.94813252877877,6,450.96887646350064,7
462,lexus rc f,156.81169708798387,190.20904684673798,103.94813252877877,5,450.96887646350064,7
463,lexus rx 300,156.81169708798387,190.20904684673798,103.94813252877877,334,450.96887646350064,7
464,lexus rx 330,156.81169708798387,190.20904684673798,103.94813252877877,411,450.96887646350064,7
465,lexus rx 350,-24.83907199896771,-37.15928622908709,-63.65834710446903,2380,-125.65670533252383,0
466,lexus rx 400h,156.81169708798387,190.20904684673798,103.94813252877877,164,450.96887646350064,7
467,lexus rx 450h,156.81169708798387,190.20904684673798,103.94813252877877,178,450.96887646350064,7
468,lexus sc 300,156.81169708798387,190.20904684673798,103.94813252877877,11,450.96887646350064,7
469,lexus sc 400,156.81169708798387,190.20904684673798,1700.0,15,2047.0207439347218,11
470,lexus sc 430,156.81169708798387,190.20904684673798,103.94813252877877,83,450.96887646350064,7
471,lincoln aviator,156.81169708798387,190.20904684673798,103.94813252877877,150,450.96887646350064,7
472,lincoln blackwood,156.81169708798387,190.20904684673798,103.94813252877877,7,450.96887646350064,7
473,lincoln continental,156.81169708798387,192.6829268292683,197.5609756097561,67,547.0555995270083,7
474,lincoln ls,156.81169708798387,233.33333333333334,295.83333333333337,218,685.9783637546506,7
475,lincoln mark lt,156.81169708798387,190.20904684673798,103.94813252877877,76,450.96887646350064,7
476,lincoln mark viii,156.81169708798387,190.20904684673798,103.94813252877877,9,450.96887646350064,7
477,lincoln mkc,156.81169708798387,190.20904684673798,103.94813252877877,20,450.96887646350064,7
478,lincoln mks,-16.44868880370578,-35.25559687887406,-58.65723522691364,878,-110.36152090949348,10
479,lincoln mkt,-12.179868969624778,-26.295413936867185,-58.53186420488385,154,-97.00714711137582,1
480,lincoln mkx,-1.8347803881511766,-22.79209554490453,-58.61848825331971,1160,-83.24536418637541,10
481,lincoln mkz,-28.89276025079166,-47.87261789575534,-73.99754541979358,1704,-150.7629235663406,10
482,lincoln mkz hybrid,156.81169708798387,190.20904684673798,103.94813252877877,11,450.96887646350064,7
483,lincoln navigator,55.61359956826767,20.03975535168195,-51.8058803541804,833,23.847474565769218,10
484,lincoln navigator l,156.81169708798387,190.20904684673798,103.94813252877877,23,450.96887646350064,7
485,lincoln town car,3402.7027027027025,2636.6795366795363,772.5868725868726,352,6811.9691119691115,5
486,lincoln zephyr,156.81169708798387,190.20904684673798,103.94813252877877,95,450.96887646350064,7
487,lotus exige,156.81169708798387,190.20904684673798,103.94813252877877,1,450.96887646350064,7
488,maserati coupe,156.81169708798387,190.20904684673798,103.94813252877877,2,450.96887646350064,7
489,maserati ghibli,156.81169708798387,190.20904684673798,103.94813252877877,19,450.96887646350064,7
490,maserati gransport,156.81169708798387,190.20904684673798,103.94813252877877,2,450.96887646350064,7
491,maserati granturismo,-35.91772151898734,-12.658227848101266,103.94813252877877,28,55.37218316169016,1
492,maserati granturismo convertible,156.81169708798387,190.20904684673798,103.94813252877877,13,450.96887646350064,7
493,maserati quattroporte,2927.777777777778,1837.5,1150.0,66,5915.277777777777,5
494,maserati spyder,156.81169708798387,190.20904684673798,103.94813252877877,3,450.96887646350064,7
495,mazda 3,67.32394366197182,35.2112676056338,103.94813252877877,35,206.48334379638442,7
496,mazda 6,156.81169708798387,190.20904684673798,103.94813252877877,28,450.96887646350064,7
497,mazda 626,156.81169708798387,190.20904684673798,300.0,102,647.0207439347218,7
498,mazda b-series,156.81169708798387,190.20904684673798,103.94813252877877,1,450.96887646350064,7
499,mazda b-series pickup,156.81169708798387,190.20904684673798,103.94813252877877,9,450.96887646350064,7
500,mazda b-series truck,156.81169708798387,190.20904684673798,103.94813252877877,6,450.96887646350064,7
501,mazda cx-5,-10.92694256756757,-20.101351351351354,103.94813252877877,507,72.91983860985985,1
502,mazda cx-7,156.81169708798387,190.20904684673798,103.94813252877877,384,450.96887646350064,7
503,mazda cx-9,-25.98603638495196,-36.735089078233926,-67.97540666150272,845,-130.6965321246886,10
504,mazda mazda2,-9.551282051282058,-20.804195804195807,-82.6923076923077,418,-113.04778554778557,1
505,mazda mazda3,-33.37352040407814,-43.1331879394226,-68.0537604855434,2864,-144.56046882904417,0
506,mazda mazda5,62.448132780083,38.57498518079432,-27.80082987551867,623,73.22228808535866,1
507,mazda mazda6,-11.082349301294274,-34.97756922600938,-67.73519163763065,1512,-113.7951101649343,10
508,mazda mazdaspeed 3,156.81169708798387,190.20904684673798,103.94813252877877,21,450.96887646350064,7
509,mazda mazdaspeed mazda3,156.81169708798387,190.20904684673798,103.94813252877877,18,450.96887646350064,7
510,mazda mazdaspeed mazda6,156.81169708798387,190.20904684673798,103.94813252877877,14,450.96887646350064,7
511,mazda mazdaspeed mx-5 miata,156.81169708798387,190.20904684673798,103.94813252877877,3,450.96887646350064,7
512,mazda mazdaspeed protege,156.81169708798387,190.20904684673798,103.94813252877877,5,450.96887646350064,7
513,mazda mazdaspeed3,156.81169708798387,190.20904684673798,103.94813252877877,40,450.96887646350064,7
514,mazda millenia,156.81169708798387,190.20904684673798,103.94813252877877,53,450.96887646350064,7
515,mazda mpv,156.81169708798387,190.20904684673798,103.94813252877877,149,450.96887646350064,7
516,mazda mx-5 miata,-26.666286620473777,-63.78090682476588,-81.96231669249255,227,-172.4095101377322,1
517,mazda protege,156.81169708798387,250.0,281.25,116,688.0616970879839,7
518,mazda protege5,156.81169708798387,190.20904684673798,103.94813252877877,47,450.96887646350064,7
519,mazda rx-8,156.81169708798387,190.20904684673798,103.94813252877877,15,450.96887646350064,7
520,mazda tribute,156.81169708798387,-34.53038674033149,-62.330487192365645,309,59.950823155286734,1
521,mazda tribute hybrid,156.81169708798387,190.20904684673798,103.94813252877877,2,450.96887646350064,7
522,mazda truck,156.81169708798387,190.20904684673798,103.94813252877877,8,450.96887646350064,7
523,mercedes-benz 190-class,156.81169708798387,190.20904684673798,103.94813252877877,3,450.96887646350064,7
524,mercedes-benz 300-class,156.81169708798387,190.20904684673798,103.94813252877877,11,450.96887646350064,7
525,mercedes-benz 400-class,156.81169708798387,190.20904684673798,103.94813252877877,1,450.96887646350064,7
526,mercedes-benz 420-class,156.81169708798387,190.20904684673798,103.94813252877877,1,450.96887646350064,7
527,mercedes-benz 500-class,156.81169708798387,190.20904684673798,103.94813252877877,7,450.96887646350064,7
528,mercedes-benz b-class electric drive,156.81169708798387,190.20904684673798,103.94813252877877,5,450.96887646350064,7
529,mercedes-benz c-class,-24.78361140075789,-38.82343790403336,-69.98448325395378,5396,-133.59153255874503,12
530,mercedes-benz cl-class,156.81169708798387,190.20904684673798,103.94813252877877,175,450.96887646350064,7
531,mercedes-benz cla-class,-17.022776955080747,-21.810873704252177,103.94813252877877,134,65.11448186944585,1
532,mercedes-benz clk-class,1083.177570093458,711.214953271028,285.04672897196264,477,2079.4392523364486,11
533,mercedes-benz cls-class,-25.701634877384187,-35.90599455040872,-74.76975476839237,476,-136.3773841961853,1
534,mercedes-benz e-class,-14.67359173656255,-31.395749482710723,-74.66165745957073,3884,-120.730998678844,6
535,mercedes-benz g-class,-31.547344110854507,-13.533487297921482,103.94813252877877,65,58.86730112000278,1
536,mercedes-benz gl-class,-17.924594356553488,-37.16493773791413,-70.76948802140338,1061,-125.85902011587099,10
537,mercedes-benz gla-class,156.81169708798387,190.20904684673798,103.94813252877877,2,450.96887646350064,7
538,mercedes-benz glk-class,-21.346541054351952,-34.25810759485917,-51.87688042468063,857,-107.48152907389175,10
539,mercedes-benz m-class,0.6033021978480692,-24.116496048312115,-67.08656229954404,1907,-90.59975615000809,0
540,mercedes-benz ml55 amg,156.81169708798387,190.20904684673798,103.94813252877877,1,450.96887646350064,7
541,mercedes-benz r-class,156.81169708798387,190.20904684673798,103.94813252877877,332,450.96887646350064,7
542,mercedes-benz s-class,6.966360868685507,-25.296585225401913,-69.00661232181011,1510,-87.33683667852651,10
543,mercedes-benz sl-class,-50.07280375343795,-58.98792231452627,-80.72228513904618,435,-189.78301120701042,1
544,mercedes-benz slk-class,-17.77284222813047,-54.34148239413786,-79.46436677258284,321,-151.57869139485115,1
545,mercedes-benz sls amg,156.81169708798387,190.20904684673798,103.94813252877877,3,450.96887646350064,7
546,mercedes-benz sls amg gt,156.81169708798387,190.20904684673798,103.94813252877877,1,450.96887646350064,7
547,mercedes-benz sprinter,-17.642641733380163,-39.44311892160306,-48.40553732120581,73,-105.49129797618903,1
548,mercury cougar,156.81169708798387,190.20904684673798,53.333333333333336,38,400.35407726805516,7
549,mercury grand marquis,-26.923076923076923,188.1868131868132,22.115384615384613,536,183.37912087912088,1
550,mercury marauder,156.81169708798387,190.20904684673798,103.94813252877877,4,450.96887646350064,7
551,mercury mariner,156.81169708798387,190.20904684673798,103.94813252877877,311,450.96887646350064,7
552,mercury mariner hybrid,156.81169708798387,190.20904684673798,103.94813252877877,23,450.96887646350064,7
553,mercury milan,156.81169708798387,190.20904684673798,103.94813252877877,274,450.96887646350064,7
554,mercury milan hybrid,156.81169708798387,190.20904684673798,103.94813252877877,6,450.96887646350064,7
555,mercury montego,156.81169708798387,190.20904684673798,461.5384615384615,92,808.5592054731833,7
556,mercury monterey,156.81169708798387,190.20904684673798,85.29411764705883,48,432.3148615817807,7
557,mercury mountaineer,156.81169708798387,1595.8677685950413,441.8732782369146,420,2194.55274391994,11
558,mercury mystique,156.81169708798387,190.20904684673798,103.94813252877877,2,450.96887646350064,7
559,mercury sable,237.5,190.20904684673798,341.6666666666667,221,769.3757135134047,7
560,mercury tracer,156.81169708798387,190.20904684673798,103.94813252877877,4,450.96887646350064,7
561,mercury villager,156.81169708798387,190.20904684673798,103.94813252877877,11,450.96887646350064,7
562,mini cooper,-28.53294354817919,-44.54886094709917,-74.89990923973434,2209,-147.9817137350127,0
563,mini cooper clubman,-24.9593174121476,-36.51207283282755,-68.80666503308012,359,-130.27805527805526,1
564,mini cooper countryman,-19.09195088480634,-28.223992872692776,103.94813252877877,498,56.63218877127966,1
565,mini cooper coupe,-16.725978647686826,-19.661921708185048,103.94813252877877,39,67.5602321729069,1
566,mini cooper paceman,-15.896051299358756,190.20904684673798,103.94813252877877,90,278.261128076158,7
567,mini cooper roadster,-27.202621939464045,190.20904684673798,103.94813252877877,29,266.9545574360527,7
568,mitsubishi 3000gt,156.81169708798387,190.20904684673798,103.94813252877877,3,450.96887646350064,7
569,mitsubishi diamante,156.81169708798387,190.20904684673798,103.94813252877877,28,450.96887646350064,7
570,mitsubishi eclipse,300.0,211.53846153846155,66.30434782608697,394,577.8428093645485,7
571,mitsubishi eclipse spyder,156.81169708798387,22.142857142857142,-47.20238095238095,142,131.75217327846008,1
572,mitsubishi endeavor,156.81169708798387,190.20904684673798,103.94813252877877,182,450.96887646350064,7
573,mitsubishi galant,3440.6162464985996,2740.261437908497,1123.5294117647059,573,7304.407096171803,5
574,mitsubishi i-miev,-38.59649122807018,190.20904684673798,103.94813252877877,21,255.56068814744657,7
575,mitsubishi lancer,-5.611045828437132,-20.265386787125923,-57.79503105590062,1034,-83.67146367146367,10
576,mitsubishi lancer evolution,156.81169708798387,190.20904684673798,103.94813252877877,136,450.96887646350064,7
577,mitsubishi lancer sportback,98.80952380952382,108.92857142857142,0.8928571428571428,39,208.63095238095238,7
578,mitsubishi mirage,-10.372164721427009,-88.74941887494188,103.94813252877877,211,4.826548932409878,1
579,mitsubishi montero,156.81169708798387,190.20904684673798,103.94813252877877,64,450.96887646350064,7
580,mitsubishi montero sport,156.81169708798387,190.20904684673798,136.58536585365854,151,483.6061097883804,7
581,mitsubishi outlander,3.8306097346687653,-21.471402214022138,-58.410209102091024,588,-76.0510015814444,1
582,mitsubishi outlander sport,-7.962213225371123,-26.127090301003342,-38.46153846153847,547,-72.55084198791293,1
583,mitsubishi raider,156.81169708798387,190.20904684673798,103.94813252877877,27,450.96887646350064,7
584,nissan 200sx,156.81169708798387,190.20904684673798,103.94813252877877,12,450.96887646350064,7
585,nissan 300zx,156.81169708798387,190.20904684673798,103.94813252877877,4,450.96887646350064,7
586,nissan 350z,156.81169708798387,190.20904684673798,103.94813252877877,101,450.96887646350064,7
587,nissan 370z,-10.36948077536545,-32.81229475896493,-37.738079600683044,205,-80.91985513501342,1
588,nissan altima,-7.946043140544547,-21.821243216292583,-60.91257316850643,19349,-90.67985952534356,4
589,nissan altima hybrid,156.81169708798387,164.88095238095238,70.57823129251702,83,392.2708807614532,7
590,nissan armada,41.39671361502347,12.74852534007464,-42.62456459185219,789,11.520674363245917,10
591,nissan cube,5.106790799561891,-22.395464209780293,-43.0722891566265,286,-60.360962566844904,1
592,nissan frontier,8.151670034470467,-2.9420021193138157,-43.88743611078093,1411,-38.67776819562428,10
593,nissan gt-r,-21.891137361218696,190.20904684673798,103.94813252877877,61,272.2660420142981,7
594,nissan juke,-9.974455662328177,-28.537314579478736,-35.19036613550662,479,-73.70213637731354,1
595,nissan leaf,-21.227266526874107,-32.15130023640663,103.94813252877877,1514,50.56956576549804,10
596,nissan maxima,19.066782452323913,4.68519170197854,-55.51490369095018,6610,-31.762929536647725,12
597,nissan murano,-7.627603460136589,-20.124590856298177,-63.26925702832143,2903,-91.0214513447562,0
598,nissan murano crosscabriolet,-0.23915271609156133,190.20904684673798,103.94813252877877,42,293.9180266594252,7
599,nissan nv,-23.232323232323232,-26.060606060606062,-31.818181818181817,42,-81.11111111111111,1
600,nissan nv cargo,-10.738636363636363,190.20904684673798,103.94813252877877,58,283.4185430118804,7
601,nissan nv passenger,156.81169708798387,190.20904684673798,103.94813252877877,3,450.96887646350064,7
602,nissan nv200,-30.652368185880245,190.20904684673798,103.94813252877877,29,263.5048111896365,7
603,nissan pathfinder,-1.0533082403853127,-22.823000950214517,-63.84059431598952,2152,-87.71690350658935,0
604,nissan quest,406.6037852932051,328.79514140264996,36.30816386013409,802,771.7070905559891,10
605,nissan rogue,-19.07930334204682,-27.912345374803127,-56.92636110228997,5589,-103.91800981913991,12
606,nissan rogue select,-10.842654735272179,190.20904684673798,103.94813252877877,133,283.31452464024454,7
607,nissan sentra,-10.09019078701574,-26.519712833079055,-64.56747929099436,5465,-101.17738291108915,12
608,nissan titan,29.280903400563723,12.930038225620057,-34.525089098828985,802,7.685852527354797,10
609,nissan truck,156.81169708798387,190.20904684673798,103.94813252877877,16,450.96887646350064,7
610,nissan versa,-16.031518726711827,-28.03092655852811,-58.58285638521203,3092,-102.64530167045197,0
611,nissan versa note,-10.131810760600345,-16.507230031820193,103.94813252877877,658,77.30909173635823,1
612,nissan xterra,30.981068024546282,10.484397440919182,-57.087522304913605,1254,-15.622056839448142,10
613,oldsmobile achieva,156.81169708798387,190.20904684673798,103.94813252877877,1,450.96887646350064,7
614,oldsmobile alero,156.81169708798387,190.20904684673798,203.2258064516129,130,550.2465503863348,7
615,oldsmobile aurora,156.81169708798387,190.20904684673798,103.94813252877877,41,450.96887646350064,7
616,oldsmobile bravada,156.81169708798387,190.20904684673798,103.94813252877877,48,450.96887646350064,7
617,oldsmobile cutlass,156.81169708798387,190.20904684673798,103.94813252877877,14,450.96887646350064,7
618,oldsmobile cutlass ciera,156.81169708798387,190.20904684673798,103.94813252877877,9,450.96887646350064,7
619,oldsmobile cutlass supreme,156.81169708798387,190.20904684673798,103.94813252877877,11,450.96887646350064,7
620,oldsmobile eighty-eight,156.81169708798387,190.20904684673798,103.94813252877877,13,450.96887646350064,7
621,oldsmobile eighty-eight royale,156.81169708798387,190.20904684673798,103.94813252877877,3,450.96887646350064,7
622,oldsmobile intrigue,156.81169708798387,190.20904684673798,103.94813252877877,53,450.96887646350064,7
623,oldsmobile regency,156.81169708798387,190.20904684673798,103.94813252877877,1,450.96887646350064,7
624,oldsmobile silhouette,156.81169708798387,190.20904684673798,423.0769230769231,40,770.097667011645,7
625,plymouth breeze,156.81169708798387,190.20904684673798,103.94813252877877,5,450.96887646350064,7
626,plymouth neon,156.81169708798387,190.20904684673798,103.94813252877877,6,450.96887646350064,7
627,plymouth prowler,227.46478873239434,185.2112676056338,103.94813252877877,9,516.6241888668069,7
628,pontiac aztek,156.81169708798387,190.20904684673798,103.94813252877877,11,450.96887646350064,7
629,pontiac bonneville,156.81169708798387,190.20904684673798,88.46153846153845,135,435.4822823962603,7
630,pontiac firebird,156.81169708798387,887.5,103.94813252877877,58,1148.2598296167628,7
631,pontiac g3,156.81169708798387,190.20904684673798,103.94813252877877,18,450.96887646350064,7
632,pontiac g5,156.81169708798387,190.20904684673798,103.94813252877877,138,450.96887646350064,7
633,pontiac g6,314.0812379110252,234.6024636058231,123.47388781431337,1686,672.1575893311616,10
634,pontiac g8,156.81169708798387,190.20904684673798,103.94813252877877,110,450.96887646350064,7
635,pontiac grand am,156.81169708798387,392.30769230769226,201.28205128205127,436,750.4014406777274,7
636,pontiac grand prix,358.33333333333337,387.5,220.73863636363637,1048,966.5719696969697,10
637,pontiac gto,156.81169708798387,190.20904684673798,103.94813252877877,58,450.96887646350064,7
638,pontiac montana,156.81169708798387,190.20904684673798,103.94813252877877,79,450.96887646350064,7
639,pontiac montana sv6,156.81169708798387,190.20904684673798,103.94813252877877,4,450.96887646350064,7
640,pontiac solstice,156.81169708798387,190.20904684673798,103.94813252877877,96,450.96887646350064,7
641,pontiac sunfire,156.81169708798387,142.6086956521739,103.94813252877877,104,403.3685252689366,7
642,pontiac torrent,156.81169708798387,1712.5,1216.6666666666667,266,3085.9783637546507,11
643,pontiac vibe,800.0,440.00000000000006,418.33333333333326,246,1658.3333333333333,11
644,porsche 911,-12.976082275508272,-27.14664779762958,103.94813252877877,229,63.82540245564092,1
645,porsche boxster,-36.19954474047001,-55.660286621140706,-84.22621910166394,235,-176.08605046327466,1
646,porsche cayenne,-15.33735795454545,-40.96217105263158,-77.1200284090909,562,-133.41955741626793,1
647,porsche cayman,-32.733224222585925,-62.575013638843416,-76.10474631751228,66,-171.41298417894163,1
648,porsche cayman s,156.81169708798387,190.20904684673798,103.94813252877877,15,450.96887646350064,7
649,porsche macan,156.81169708798387,190.20904684673798,103.94813252877877,8,450.96887646350064,7
650,porsche panamera,-37.55546905410665,-45.23841961852861,103.94813252877877,268,21.15424385614351,1
651,ram 1500,-1.1682880923483938,-17.327073642665844,-30.265596368482427,3226,-48.76095810349666,6
652,ram 2500,-10.377801830097056,-22.6697148602997,-50.060325538542536,924,-83.10784222893929,10
653,ram 3500,-10.936533915257314,-20.810776784590203,-40.176135920816776,253,-71.9234466206643,1
654,ram c/v cargo van,156.81169708798387,190.20904684673798,103.94813252877877,43,450.96887646350064,7
655,ram c/v tradesman,156.81169708798387,190.20904684673798,-54.75409836065573,28,292.2666455740661,7
656,ram cv tradesman,156.81169708798387,190.20904684673798,103.94813252877877,4,450.96887646350064,7
657,ram dakota,156.81169708798387,190.20904684673798,103.94813252877877,37,450.96887646350064,7
658,ram promaster cargo van,-11.919397835973028,-20.570801317233805,103.94813252877877,59,71.45793337557194,1
659,rolls-royce ghost,156.81169708798387,190.20904684673798,103.94813252877877,17,450.96887646350064,7
660,saab 3-sep,156.81169708798387,846.9879518072289,300.96385542168684,354,1304.7635043168998,11
661,saab 5-sep,156.81169708798387,-63.17460317460317,-84.44444444444444,67,9.192649468936267,1
662,saab 9-2x,156.81169708798387,190.20904684673798,103.94813252877877,10,450.96887646350064,7
663,saab 9-7x,156.81169708798387,190.20904684673798,103.94813252877877,53,450.96887646350064,7
664,saturn astra,156.81169708798387,190.20904684673798,103.94813252877877,54,450.96887646350064,7
665,saturn aura,573.170731707317,543.9024390243903,391.4285714285714,465,1508.5017421602786,11
666,saturn aura hybrid,156.81169708798387,190.20904684673798,103.94813252877877,5,450.96887646350064,7
667,saturn ion,156.81169708798387,130.55555555555557,49.358974358974365,481,336.72622700251384,1
668,saturn l-series,156.81169708798387,190.20904684673798,174.79674796747966,191,521.8174919022015,7
669,saturn l300,156.81169708798387,190.20904684673798,135.29411764705884,32,482.3148615817807,7
670,saturn outlook,156.81169708798387,190.20904684673798,103.94813252877877,288,450.96887646350064,7
671,saturn relay,156.81169708798387,190.20904684673798,533.3333333333333,60,880.3540772680551,7
672,saturn s-series,156.81169708798387,44.17344173441736,164.82384823848238,350,365.8089870608836,7
673,saturn sky,156.81169708798387,190.20904684673798,103.94813252877877,50,450.96887646350064,7
674,saturn vue,156.81169708798387,430.7692307692308,193.47662141779787,852,781.0575492750125,10
675,saturn vue hybrid,156.81169708798387,190.20904684673798,103.94813252877877,13,450.96887646350064,7
676,scion fr-s,-13.775705954573366,-36.02670349907919,103.94813252877877,166,54.14572307512621,1
677,scion iq,-14.159167604049502,-18.30708661417323,103.94813252877877,122,71.48187831055604,1
678,scion tc,-13.173690528843117,-28.709216480114307,-64.86601900288247,694,-106.7489260118399,1
679,scion xa,156.81169708798387,190.20904684673798,103.94813252877877,29,450.96887646350064,7
680,scion xb,-8.56299456750924,-28.0455436211644,-56.87786548518711,504,-93.48640367386074,1
681,scion xd,-15.86520257478228,-28.05755395683453,-47.368421052631575,172,-91.29117758424839,1
682,smart fortwo,-25.593483320403422,-37.37005430566331,-77.00543056633049,395,-139.96896819239723,1
683,subaru b9 tribeca,156.81169708798387,190.20904684673798,202.67857142857144,87,549.6993153632933,7
684,subaru baja,156.81169708798387,190.20904684673798,39.42307692307692,42,386.44382085779876,7
685,subaru brz,-15.144694533762056,-27.974276527331188,103.94813252877877,42,60.82916146768552,1
686,subaru forester,-13.848707993037898,-29.978162612360975,-58.8659793814433,954,-102.69284998684218,10
687,subaru impreza,-5.004907663225244,-12.997210728779724,-49.747534259626036,953,-67.74965265163101,10
688,subaru impreza wrx,-20.48899409956542,190.20904684673798,103.94813252877877,108,273.6681852759513,7
689,subaru legacy,-2.297674418604658,-20.609462710505223,-58.094883720930234,1141,-81.00202085004011,10
690,subaru outback,3.474143185334527,-16.771906793567442,-56.56542130281503,1410,-69.86318491104795,10
691,subaru tribeca,156.81169708798387,190.20904684673798,103.94813252877877,72,450.96887646350064,7
692,subaru wrx,10.546785632578358,190.20904684673798,103.94813252877877,33,304.7039650080951,7
693,subaru xv crosstrek,-4.796356538711783,-17.338972023422258,103.94813252877877,201,81.81280396664474,1
694,suzuki aerio,156.81169708798387,190.20904684673798,103.94813252877877,23,450.96887646350064,7
695,suzuki equator,156.81169708798387,190.20904684673798,103.94813252877877,2,450.96887646350064,7
696,suzuki esteem,156.81169708798387,190.20904684673798,103.94813252877877,4,450.96887646350064,7
697,suzuki forenza,156.81169708798387,384.8484848484848,297.3262032085562,239,838.9863851450249,7
698,suzuki grand vitara,94.23076923076923,22.355769230769234,-15.606508875739653,194,100.9800295857988,1
699,suzuki kizashi,156.81169708798387,190.20904684673798,103.94813252877877,32,450.96887646350064,7
700,suzuki reno,156.81169708798387,190.20904684673798,103.94813252877877,43,450.96887646350064,7
701,suzuki sidekick,156.81169708798387,190.20904684673798,103.94813252877877,1,450.96887646350064,7
702,suzuki sx4,40.98765432098765,0.8417508417508341,-34.34343434343434,281,7.48597081930415,1
703,suzuki verona,156.81169708798387,190.20904684673798,103.94813252877877,21,450.96887646350064,7
704,suzuki vitara,156.81169708798387,190.20904684673798,103.94813252877877,6,450.96887646350064,7
705,suzuki xl-7,156.81169708798387,190.20904684673798,693.75,79,1040.7707439347218,7
706,suzuki xl7,156.81169708798387,190.20904684673798,103.94813252877877,148,450.96887646350064,7
707,tesla model s,-16.898698358800225,-28.01358234295416,103.94813252877877,23,59.03585182702439,1
708,toyota 4runner,-5.504917218504617,-19.570471621254637,-46.823759298046284,1339,-71.89914813780554,10
709,toyota avalon,9.853760328492323,-14.167279917032202,-56.91627072944072,1149,-61.2297903179806,10
710,toyota avalon hybrid,-11.010752688172044,190.20904684673798,103.94813252877877,40,283.14642668734473,7
711,toyota camry,-4.799289413510159,-20.497611575804612,-52.82262846668417,12539,-78.11952945599894,9
712,toyota camry hybrid,-21.049692908989392,-30.173744539691928,-58.2473772370625,598,-109.47081468574382,1
713,toyota camry solara,156.81169708798387,190.20904684673798,103.94813252877877,368,450.96887646350064,7
714,toyota celica,156.81169708798387,950.0,650.0,100,1756.811697087984,11
715,toyota corolla,-14.321550035024055,-27.442066353111972,-58.868855134328,7354,-100.63247152246403,2
716,toyota echo,156.81169708798387,190.20904684673798,11.538461538461538,60,358.5592054731834,7
717,toyota fj cruiser,25.69345661450926,4.836415362731163,-36.862426336110545,385,-6.332554358870123,1
718,toyota highlander,6.680089038926328,-5.369334379589369,-48.72280685288815,2232,-47.41205219355119,0
719,toyota highlander hybrid,156.81169708798387,190.20904684673798,103.94813252877877,204,450.96887646350064,7
720,toyota land cruiser,9012.5,8150.0,3225.0,108,20387.5,8
721,toyota matrix,326.8221574344023,230.2623906705539,100.99125364431485,349,658.075801749271,7
722,toyota mr2 spyder,156.81169708798387,190.20904684673798,103.94813252877877,16,450.96887646350064,7
723,toyota paseo,156.81169708798387,190.20904684673798,103.94813252877877,1,450.96887646350064,7
724,toyota pickup,156.81169708798387,190.20904684673798,103.94813252877877,7,450.96887646350064,7
725,toyota prius,5.397516278909096,-10.421575383871362,-45.25047354209487,1839,-50.27453264705714,0
726,toyota prius c,-13.15014105109184,-23.30817051509769,-42.45115452930728,117,-78.90946609549681,1
727,toyota prius plug-in,-29.21108742004264,-26.7590618336887,-50.10660980810234,45,-106.07675906183368,1
728,toyota prius v,-24.10850933578206,-25.925925925925924,-59.13682277318642,103,-109.17125803489441,1
729,toyota rav4,-19.507909232145384,-30.702268755002127,-55.777871935303324,3209,-105.98804992245084,6
730,toyota sequoia,7642.657342657342,5612.121212121212,2182.19696969697,596,15436.975524475523,8
731,toyota sienna,0.7158085762509705,-14.21615122019314,-51.91478741269982,2824,-65.415130056642,0
732,toyota t100,156.81169708798387,190.20904684673798,103.94813252877877,4,450.96887646350064,7
733,toyota tacoma,-5.558819027334233,-15.206386798273899,-28.837121068406873,1140,-49.60232689401501,10
734,toyota tercel,156.81169708798387,190.20904684673798,103.94813252877877,20,450.96887646350064,7
735,toyota tundra,-9.571053946053953,-19.684658014399396,-51.9328885400314,1314,-81.18860050048474,10
736,toyota venza,2.450980392156863,-15.795206971677562,-31.141868512110722,578,-44.48609509163142,1
737,toyota yaris,-15.339940535183349,-21.993809205522393,-54.21742776549516,1225,-91.5511775062009,10
738,volkswagen beetle,-20.24563801912172,-32.24818135168583,103.94813252877877,457,51.45431315797122,1
739,volkswagen beetle convertible,-10.651408450704224,190.20904684673798,103.94813252877877,59,283.5057709248125,7
740,volkswagen cabrio,156.81169708798387,190.20904684673798,103.94813252877877,30,450.96887646350064,7
741,volkswagen cc,-26.17795269798065,-39.98079577507052,-59.32155074116305,649,-125.48029921421421,1
742,volkswagen eos,156.81169708798387,190.20904684673798,103.94813252877877,190,450.96887646350064,7
743,volkswagen eurovan,156.81169708798387,190.20904684673798,103.94813252877877,7,450.96887646350064,7
744,volkswagen gli,156.81169708798387,190.20904684673798,103.94813252877877,65,450.96887646350064,7
745,volkswagen golf,-5.880379162821909,-26.01291837933059,-25.308279506752783,319,-57.20157704890528,1
746,volkswagen golf gti,156.81169708798387,190.20904684673798,103.94813252877877,8,450.96887646350064,7
747,volkswagen golf r,-1.550387596899225,190.20904684673798,103.94813252877877,22,292.60679177861755,7
748,volkswagen gti,25.99574338704774,0.08783487044356769,-53.93280632411067,416,-27.849228066619364,1
749,volkswagen jetta,-7.775631107274282,-18.05773672427488,-59.174777328918736,4659,-85.0081451604679,6
750,volkswagen jetta gli,156.81169708798387,190.20904684673798,103.94813252877877,49,450.96887646350064,7
751,volkswagen jetta hybrid,156.81169708798387,190.20904684673798,103.94813252877877,22,450.96887646350064,7
752,volkswagen jetta sportwagen,-27.364513734224204,-40.91035634743875,-53.37787676317743,208,-121.65274684484038,1
753,volkswagen new beetle,706.25,297.6902173913044,102.04741379310347,799,1105.9876311844077,11
754,volkswagen passat,-6.397079432373548,-19.197718727130493,-68.43510176843512,3327,-94.02989992793916,6
755,volkswagen phaeton,156.81169708798387,190.20904684673798,103.94813252877877,10,450.96887646350064,7
756,volkswagen r32,156.81169708798387,190.20904684673798,103.94813252877877,15,450.96887646350064,7
757,volkswagen rabbit,156.81169708798387,190.20904684673798,103.94813252877877,95,450.96887646350064,7
758,volkswagen routan,156.81169708798387,190.20904684673798,103.94813252877877,232,450.96887646350064,7
759,volkswagen tiguan,-29.03329223181258,-42.40865727821404,-63.40680230168516,537,-134.8487518117118,1
760,volkswagen touareg,160.38500506585615,105.9746400171932,-35.280211375330275,338,231.0794337077191,1
761,volkswagen touareg 2,156.81169708798387,190.20904684673798,103.94813252877877,41,450.96887646350064,7
762,volvo 850,156.81169708798387,190.20904684673798,103.94813252877877,20,450.96887646350064,7
763,volvo 940,156.81169708798387,190.20904684673798,103.94813252877877,2,450.96887646350064,7
764,volvo 960,156.81169708798387,190.20904684673798,103.94813252877877,7,450.96887646350064,7
765,volvo c30,156.81169708798387,190.20904684673798,103.94813252877877,40,450.96887646350064,7
766,volvo c70,-26.28269617706237,-36.794894366197184,-85.03521126760563,150,-148.1128018108652,1
767,volvo s40,156.81169708798387,464.5021645021645,150.2673796791444,396,771.5812412692927,7
768,volvo s60,96.21013133208255,37.34947978850417,-53.49702259564402,1153,80.06258852494273,10
769,volvo s70,156.81169708798387,690.1234567901234,97.53086419753086,74,944.4660180756381,7
770,volvo s80,85.68738229755178,83.954802259887,-55.62403697996917,279,114.01814757746962,1
771,volvo s90,156.81169708798387,190.20904684673798,103.94813252877877,7,450.96887646350064,7
772,volvo v40,156.81169708798387,190.20904684673798,103.94813252877877,21,450.96887646350064,7
773,volvo v50,156.81169708798387,190.20904684673798,103.94813252877877,51,450.96887646350064,7
774,volvo v60,156.81169708798387,190.20904684673798,103.94813252877877,83,450.96887646350064,7
775,volvo v70,156.81169708798387,190.20904684673798,1349.2307692307695,165,1696.2515131654914,11
776,volvo xc,156.81169708798387,190.20904684673798,103.94813252877877,25,450.96887646350064,7
777,volvo xc60,-11.389236545682099,-35.80087440381558,-57.39268680445151,412,-104.5827977539492,1
778,volvo xc70,3900.0,4009.722222222222,1190.0,168,9099.722222222223,3
779,volvo xc90,2259.057971014493,1457.2463768115942,596.288441145281,733,4312.592788971368,5
